# date_modified : 2026-03-24
# orig_filename: dichroic_bandpass.csv
# wavelength_unit: um
wavelength    reflection    transmission
0.1205    0.111766    0
0.1210    0.113407    0
0.1215    0.116084    0
0.1220    0.119236    0
0.1225    0.124306    0
0.1230    0.131392    0
0.1235    0.142966    0
0.1240    0.160066    0
0.1245    0.181155    0
0.1250    0.204024    1e-06
0.1255    0.226543    1e-06
0.1260    0.250162    1e-06
0.1265    0.278166    1e-06
0.1270    0.311022    1e-06
0.1275    0.34428    2e-06
0.1280    0.372238    2e-06
0.1285    0.393957    3e-06
0.1290    0.416746    3e-06
0.1295    0.451799    4e-06
0.1300    0.501855    4e-06
0.1305    0.534444    5e-06
0.1310    0.562208    5e-06
0.1315    0.581756    6e-06
0.1320    0.592826    6e-06
0.1325    0.598296    7e-06
0.1330    0.603533    8e-06
0.1335    0.612711    9e-06
0.1340    0.624698    1e-05
0.1345    0.637887    1e-05
0.1350    0.642491    1e-05
0.1355    0.631985    1.1e-05
0.1360    0.6056    1.3e-05
0.1365    0.57252    1.5e-05
0.1370    0.552328    1.6e-05
0.1375    0.557718    1.7e-05
0.1380    0.58213    1.7e-05
0.1385    0.611039    1.7e-05
0.1390    0.633781    1.7e-05
0.1395    0.647511    1.7e-05
0.1400    0.655939    1.7e-05
0.1405    0.665912    1.9e-05
0.1410    0.681039    2.1e-05
0.1415    0.700881    2.2e-05
0.1420    0.721897    2.3e-05
0.1425    0.739585    2.4e-05
0.1430    0.75048    2.7e-05
0.1435    0.752703    3e-05
0.1440    0.747855    3.4e-05
0.1445    0.736488    4.1e-05
0.1450    0.719402    4.9e-05
0.1455    0.698483    5.9e-05
0.1460    0.676098    7.1e-05
0.1465    0.654279    8.6e-05
0.1470    0.633897    0.000104
0.1475    0.614391    0.000125
0.1480    0.594256    0.00015
0.1485    0.571855    0.000181
0.1490    0.546569    0.00022
0.1495    0.520234    0.000268
0.1500    0.4981    0.000323
0.1505    0.482709    0.000385
0.1510    0.478523    0.000448
0.1515    0.483325    0.000515
0.1520    0.49382    0.000586
0.1525    0.509049    0.000661
0.1530    0.530523    0.000736
0.1535    0.559244    0.000806
0.1540    0.593155    0.000869
0.1545    0.628618    0.000927
0.1550    0.662237    0.000986
0.1555    0.69428    0.001045
0.1560    0.724123    0.001102
0.1565    0.751006    0.001163
0.1570    0.77419    0.001231
0.1575    0.793188    0.001314
0.1580    0.807827    0.001421
0.1585    0.818157    0.001562
0.1590    0.824321    0.001751
0.1595    0.826451    0.002002
0.1600    0.82462    0.002335
0.1605    0.818064    0.002788
0.1610    0.807733    0.003383
0.1615    0.794342    0.004141
0.1620    0.777479    0.005115
0.1625    0.75771    0.00633
0.1630    0.736042    0.007816
0.1635    0.713994    0.009529
0.1640    0.69383    0.011445
0.1645    0.680186    0.013323
0.1650    0.680695    0.014822
0.1655    0.698828    0.01554
0.1660    0.726972    0.015669
0.1665    0.755134    0.015584
0.1670    0.778455    0.015577
0.1675    0.795929    0.01579
0.1680    0.807935    0.016253
0.1685    0.81514    0.017075
0.1690    0.818172    0.018206
0.1695    0.817543    0.019772
0.1700    0.81377    0.021697
0.1705    0.808062    0.023954
0.1710    0.800717    0.026502
0.1715    0.792587    0.029188
0.1720    0.784482    0.03195
0.1725    0.777149    0.034436
0.1730    0.771047    0.036673
0.1735    0.766432    0.038395
0.1740    0.763555    0.039539
0.1745    0.762909    0.040038
0.1750    0.765182    0.039725
0.1755    0.771765    0.03874
0.1760    0.782501    0.037142
0.1765    0.795651    0.035314
0.1770    0.808426    0.033623
0.1775    0.818401    0.032294
0.1780    0.824772    0.031574
0.1785    0.826729    0.031514
0.1790    0.824143    0.032213
0.1795    0.816875    0.033747
0.1800    0.80433    0.036089
0.1805    0.787617    0.039163
0.1810    0.766402    0.042829
0.1815    0.741511    0.046696
0.1820    0.714192    0.050266
0.1825    0.683855    0.052943
0.1830    0.650643    0.054566
0.1835    0.623999    0.054849
0.1840    0.628815    0.052805
0.1845    0.670282    0.04874
0.1850    0.719425    0.044472
0.1855    0.757913    0.041196
0.1860    0.784044    0.039201
0.1865    0.7999    0.038371
0.1870    0.807923    0.03863
0.1875    0.809785    0.039964
0.1880    0.806004    0.042302
0.1885    0.797306    0.045716
0.1890    0.784048    0.050236
0.1895    0.766154    0.05567
0.1900    0.74432    0.061964
0.1905    0.719649    0.068795
0.1910    0.692317    0.075716
0.1915    0.665034    0.082404
0.1920    0.643288    0.088214
0.1925    0.634936    0.092118
0.1930    0.644341    0.093934
0.1935    0.665505    0.094358
0.1940    0.688192    0.094556
0.1945    0.706453    0.095764
0.1950    0.717938    0.098623
0.1955    0.722132    0.103335
0.1960    0.719455    0.110456
0.1965    0.710055    0.120354
0.1970    0.693761    0.133165
0.1975    0.670773    0.149424
0.1980    0.641215    0.169337
0.1985    0.605667    0.192365
0.1990    0.565017    0.218232
0.1995    0.520372    0.246133
0.2000    0.472445    0.27484
0.2005    0.422587    0.303535
0.2010    0.368784    0.333259
0.2015    0.313813    0.363456
0.2020    0.268013    0.391186
0.2025    0.246276    0.411753
0.2030    0.253989    0.422134
0.2035    0.279964    0.424736
0.2040    0.308848    0.425524
0.2045    0.331053    0.428598
0.2050    0.343263    0.435456
0.2055    0.345651    0.446757
0.2060    0.339459    0.462347
0.2065    0.326199    0.481455
0.2070    0.307217    0.503313
0.2075    0.283208    0.527961
0.2080    0.254652    0.555244
0.2085    0.222092    0.584593
0.2090    0.186417    0.616061
0.2095    0.150139    0.64838
0.2100    0.117979    0.678499
0.2105    0.095784    0.702374
0.2110    0.086782    0.717757
0.2115    0.09061    0.724249
0.2120    0.102881    0.723904
0.2125    0.118067    0.720624
0.2130    0.131568    0.717808
0.2135    0.140451    0.717741
0.2140    0.143304    0.721491
0.2145    0.140026    0.729632
0.2150    0.131131    0.741926
0.2155    0.117667    0.757532
0.2160    0.101235    0.7752
0.2165    0.084002    0.793381
0.2170    0.068633    0.809914
0.2175    0.058062    0.822169
0.2180    0.054869    0.828088
0.2185    0.06052    0.826484
0.2190    0.074787    0.817462
0.2195    0.095725    0.802372
0.2200    0.120484    0.783743
0.2205    0.144125    0.765846
0.2210    0.166371    0.748938
0.2215    0.185702    0.734194
0.2220    0.201265    0.722594
0.2225    0.212586    0.714623
0.2230    0.219492    0.710486
0.2235    0.222019    0.710037
0.2240    0.220346    0.713312
0.2245    0.214721    0.720128
0.2250    0.20546    0.730227
0.2255    0.193206    0.742926
0.2260    0.178285    0.758056
0.2265    0.161251    0.775147
0.2270    0.142798    0.793582
0.2275    0.123815    0.812446
0.2280    0.105257    0.830962
0.2285    0.088195    0.848193
0.2290    0.073711    0.863152
0.2295    0.062739    0.874895
0.2300    0.055901    0.882856
0.2305    0.053352    0.886919
0.2310    0.054979    0.887155
0.2315    0.060049    0.884154
0.2320    0.067535    0.878786
0.2325    0.076387    0.872097
0.2330    0.085577    0.865031
0.2335    0.094227    0.8584
0.2340    0.101631    0.852766
0.2345    0.107362    0.848642
0.2350    0.111146    0.846299
0.2355    0.112868    0.845857
0.2360    0.11255    0.847257
0.2365    0.110346    0.850372
0.2370    0.106503    0.855019
0.2375    0.101356    0.860892
0.2380    0.095317    0.867603
0.2385    0.08887    0.874612
0.2390    0.082545    0.881505
0.2395    0.07689    0.887762
0.2400    0.072433    0.892879
0.2405    0.069632    0.89639
0.2410    0.068867    0.897909
0.2415    0.070313    0.897311
0.2420    0.073971    0.894591
0.2425    0.079655    0.889918
0.2430    0.087009    0.883578
0.2435    0.095578    0.87603
0.2440    0.104846    0.867787
0.2445    0.114288    0.859352
0.2450    0.123411    0.851199
0.2455    0.131765    0.843714
0.2460    0.139016    0.837267
0.2465    0.144895    0.832128
0.2470    0.149203    0.828492
0.2475    0.151816    0.826486
0.2480    0.152665    0.826128
0.2485    0.151755    0.827471
0.2490    0.149125    0.830479
0.2495    0.144864    0.835071
0.2500    0.139103    0.841121
0.2505    0.132419    0.848028
0.2510    0.124733    0.855912
0.2515    0.116276    0.864553
0.2520    0.107312    0.873694
0.2525    0.098139    0.883046
0.2530    0.089091    0.892247
0.2535    0.080494    0.901012
0.2540    0.07268    0.909021
0.2545    0.065964    0.915966
0.2550    0.060617    0.92158
0.2555    0.056848    0.925628
0.2560    0.054782    0.928004
0.2565    0.054456    0.928681
0.2570    0.055813    0.927711
0.2575    0.058711    0.925231
0.2580    0.06293    0.921441
0.2585    0.0682    0.916595
0.2590    0.074234    0.910994
0.2595    0.080733    0.904931
0.2600    0.087403    0.898691
0.2605    0.093978    0.892537
0.2610    0.100215    0.886677
0.2615    0.105926    0.881327
0.2620    0.110952    0.876645
0.2625    0.115173    0.872748
0.2630    0.118504    0.869721
0.2635    0.120897    0.867603
0.2640    0.122335    0.866408
0.2645    0.122822    0.866148
0.2650    0.122387    0.866794
0.2655    0.121078    0.868301
0.2660    0.118965    0.870599
0.2665    0.116138    0.873583
0.2670    0.1127    0.877167
0.2675    0.108766    0.88124
0.2680    0.104467    0.885675
0.2685    0.099942    0.890333
0.2690    0.095339    0.895071
0.2695    0.090809    0.899718
0.2700    0.086496    0.904155
0.2705    0.082537    0.908241
0.2710    0.079061    0.911854
0.2715    0.076173    0.914886
0.2720    0.073959    0.917252
0.2725    0.072474    0.918881
0.2730    0.071741    0.919768
0.2735    0.071755    0.919915
0.2740    0.072483    0.919357
0.2745    0.073863    0.918151
0.2750    0.075812    0.916381
0.2755    0.078219    0.91414
0.2760    0.08098    0.911547
0.2765    0.083975    0.908721
0.2770    0.087085    0.905778
0.2775    0.090193    0.902835
0.2780    0.093191    0.899999
0.2785    0.095977    0.89736
0.2790    0.098466    0.89501
0.2795    0.100588    0.893024
0.2800    0.102283    0.891459
0.2805    0.103507    0.89036
0.2810    0.10423    0.889755
0.2815    0.104436    0.889656
0.2820    0.104124    0.890065
0.2825    0.103306    0.890975
0.2830    0.102006    0.892363
0.2835    0.100258    0.894196
0.2840    0.098106    0.896429
0.2845    0.095608    0.899004
0.2850    0.09283    0.901848
0.2855    0.089842    0.9049
0.2860    0.086724    0.908082
0.2865    0.083561    0.91131
0.2870    0.080439    0.914496
0.2875    0.077448    0.917551
0.2880    0.074678    0.920384
0.2885    0.07221    0.922911
0.2890    0.070124    0.92506
0.2895    0.068488    0.926761
0.2900    0.067359    0.927959
0.2905    0.066781    0.928609
0.2910    0.066781    0.928684
0.2915    0.067371    0.928166
0.2920    0.068545    0.927065
0.2925    0.070282    0.925404
0.2930    0.072545    0.923218
0.2935    0.075285    0.920558
0.2940    0.07844    0.917485
0.2945    0.08194    0.914067
0.2950    0.085704    0.91038
0.2955    0.089656    0.906504
0.2960    0.093717    0.902519
0.2965    0.097809    0.898502
0.2970    0.101855    0.894529
0.2975    0.105785    0.890672
0.2980    0.109533    0.886995
0.2985    0.113039    0.883553
0.2990    0.116252    0.880401
0.2995    0.119128    0.877584
0.3000    0.121631    0.875137
0.3005    0.123696    0.873127
0.3010    0.12535    0.871525
0.3015    0.126578    0.870348
0.3020    0.127372    0.869598
0.3025    0.127732    0.869279
0.3030    0.127657    0.869393
0.3035    0.127156    0.869932
0.3040    0.12624    0.870882
0.3045    0.124928    0.872228
0.3050    0.123241    0.873948
0.3055    0.121206    0.876014
0.3060    0.118853    0.878393
0.3065    0.116215    0.881055
0.3070    0.11333    0.883965
0.3075    0.110238    0.887081
0.3080    0.106982    0.89036
0.3085    0.103608    0.893757
0.3090    0.100165    0.897223
0.3095    0.096704    0.900706
0.3100    0.093273    0.904156
0.3105    0.089919    0.90753
0.3110    0.086689    0.910782
0.3115    0.083629    0.913864
0.3120    0.080782    0.916734
0.3125    0.078187    0.919352
0.3130    0.075879    0.921685
0.3135    0.073888    0.923699
0.3140    0.072236    0.925374
0.3145    0.070941    0.926695
0.3150    0.070011    0.92765
0.3155    0.069451    0.928237
0.3160    0.069257    0.928459
0.3165    0.069417    0.928328
0.3170    0.069916    0.927858
0.3175    0.070729    0.927074
0.3180    0.071829    0.926002
0.3185    0.073187    0.924673
0.3190    0.074769    0.92312
0.3195    0.076538    0.921381
0.3200    0.078457    0.919492
0.3205    0.080487    0.917491
0.3210    0.082591    0.915416
0.3215    0.084731    0.913305
0.3220    0.08687    0.911192
0.3225    0.088977    0.909112
0.3230    0.091019    0.907095
0.3235    0.092968    0.905172
0.3240    0.094799    0.903366
0.3245    0.096488    0.901701
0.3250    0.098016    0.900197
0.3255    0.099367    0.89887
0.3260    0.100525    0.897732
0.3265    0.101483    0.896794
0.3270    0.102232    0.896064
0.3275    0.102769    0.895546
0.3280    0.103092    0.895241
0.3285    0.103202    0.895149
0.3290    0.103103    0.895265
0.3295    0.102801    0.895583
0.3300    0.102306    0.896094
0.3305    0.101629    0.896785
0.3310    0.100781    0.897647
0.3315    0.099777    0.898664
0.3320    0.098633    0.899821
0.3325    0.097366    0.9011
0.3330    0.095996    0.902483
0.3335    0.094541    0.90395
0.3340    0.093023    0.905481
0.3345    0.091463    0.907052
0.3350    0.089883    0.908642
0.3355    0.088304    0.910232
0.3360    0.086748    0.911798
0.3365    0.085235    0.913321
0.3370    0.083787    0.914781
0.3375    0.082422    0.916157
0.3380    0.081159    0.917431
0.3385    0.080014    0.918588
0.3390    0.079002    0.91961
0.3395    0.078137    0.920486
0.3400    0.077428    0.921206
0.3405    0.076882    0.921762
0.3410    0.076507    0.922149
0.3415    0.076305    0.922362
0.3420    0.076277    0.922402
0.3425    0.076422    0.922268
0.3430    0.076737    0.921966
0.3435    0.077214    0.921501
0.3440    0.077846    0.92088
0.3445    0.078623    0.920115
0.3450    0.079533    0.919217
0.3455    0.080563    0.918199
0.3460    0.081697    0.917076
0.3465    0.082921    0.915865
0.3470    0.084218    0.91458
0.3475    0.085571    0.913239
0.3480    0.086963    0.911859
0.3485    0.088377    0.910457
0.3490    0.089793    0.909052
0.3495    0.091199    0.907657
0.3500    0.092578    0.906288
0.3505    0.093912    0.904965
0.3510    0.09519    0.903697
0.3515    0.0964    0.902497
0.3520    0.09753    0.901378
0.3525    0.098568    0.90035
0.3530    0.099504    0.899423
0.3535    0.100331    0.898605
0.3540    0.10104    0.897905
0.3545    0.101626    0.897327
0.3550    0.102083    0.896879
0.3555    0.102407    0.896562
0.3560    0.102596    0.896381
0.3565    0.102649    0.896335
0.3570    0.102565    0.896426
0.3575    0.102346    0.896653
0.3580    0.101993    0.897013
0.3585    0.101509    0.897503
0.3590    0.100901    0.898117
0.3595    0.100172    0.898851
0.3600    0.099329    0.8997
0.3605    0.098377    0.900657
0.3610    0.097326    0.901713
0.3615    0.096184    0.902861
0.3620    0.094959    0.90409
0.3625    0.093663    0.905392
0.3630    0.092306    0.906754
0.3635    0.090898    0.908166
0.3640    0.089452    0.909616
0.3645    0.08798    0.911092
0.3650    0.086494    0.912583
0.3655    0.085005    0.914075
0.3660    0.083528    0.915557
0.3665    0.082073    0.917016
0.3670    0.080653    0.91844
0.3675    0.07928    0.919817
0.3680    0.077967    0.921135
0.3685    0.076723    0.922383
0.3690    0.07556    0.92355
0.3695    0.074489    0.924626
0.3700    0.073517    0.925602
0.3705    0.072652    0.926471
0.3710    0.071902    0.927225
0.3715    0.071274    0.927858
0.3720    0.070772    0.928365
0.3725    0.0704    0.928742
0.3730    0.070161    0.928985
0.3735    0.070058    0.929094
0.3740    0.07009    0.929067
0.3745    0.070257    0.928905
0.3750    0.070557    0.92861
0.3755    0.070988    0.928184
0.3760    0.071545    0.927632
0.3765    0.072223    0.92696
0.3770    0.073016    0.926172
0.3775    0.073918    0.925275
0.3780    0.07492    0.924278
0.3785    0.076016    0.923188
0.3790    0.077195    0.922014
0.3795    0.078449    0.920766
0.3800    0.079769    0.919452
0.3805    0.081143    0.918083
0.3810    0.082559    0.916672
0.3815    0.084012    0.915225
0.3820    0.08549    0.913752
0.3825    0.086984    0.912264
0.3830    0.088484    0.910769
0.3835    0.089981    0.909277
0.3840    0.091466    0.907797
0.3845    0.09293    0.906338
0.3850    0.094364    0.904909
0.3855    0.095761    0.903517
0.3860    0.097113    0.90217
0.3865    0.098413    0.900875
0.3870    0.099655    0.899638
0.3875    0.100832    0.898465
0.3880    0.10194    0.897362
0.3885    0.102972    0.896334
0.3890    0.103925    0.895384
0.3895    0.104795    0.894518
0.3900    0.105579    0.893738
0.3905    0.106274    0.893047
0.3910    0.106878    0.892447
0.3915    0.107389    0.89194
0.3920    0.107807    0.891526
0.3925    0.108129    0.891207
0.3930    0.108359    0.89098
0.3935    0.108494    0.890848
0.3940    0.108536    0.890809
0.3945    0.108486    0.890863
0.3950    0.108345    0.891006
0.3955    0.108115    0.891238
0.3960    0.1078    0.891557
0.3965    0.107401    0.891958
0.3970    0.106922    0.89244
0.3975    0.106365    0.892999
0.3980    0.105736    0.89363
0.3985    0.105038    0.894331
0.3990    0.104276    0.895095
0.3995    0.103454    0.89592
0.4000    0.102576    0.896799
0.4005    0.101661    0.897716
0.4010    0.100701    0.898678
0.4015    0.099703    0.899678
0.4020    0.098671    0.900711
0.4025    0.097612    0.901773
0.4030    0.09653    0.902856
0.4035    0.095431    0.903957
0.4040    0.094321    0.905069
0.4045    0.093204    0.906187
0.4050    0.092088    0.907306
0.4055    0.090977    0.908418
0.4060    0.089877    0.90952
0.4065    0.088792    0.910606
0.4070    0.087729    0.911671
0.4075    0.086691    0.912711
0.4080    0.085684    0.91372
0.4085    0.084712    0.914694
0.4090    0.083779    0.915628
0.4095    0.082889    0.91652
0.4100    0.082047    0.917364
0.4105    0.081255    0.918158
0.4110    0.080516    0.918898
0.4115    0.079834    0.919582
0.4120    0.079211    0.920208
0.4125    0.078648    0.920772
0.4130    0.078147    0.921275
0.4135    0.07771    0.921714
0.4140    0.077337    0.922089
0.4145    0.077028    0.9224
0.4150    0.076784    0.922646
0.4155    0.076604    0.922828
0.4160    0.076489    0.922945
0.4165    0.076436    0.923
0.4170    0.076445    0.922994
0.4175    0.076514    0.922927
0.4180    0.076641    0.922802
0.4185    0.076824    0.922621
0.4190    0.077061    0.922387
0.4195    0.077349    0.922101
0.4200    0.077685    0.921767
0.4205    0.078066    0.921388
0.4210    0.078489    0.920967
0.4215    0.07895    0.920508
0.4220    0.079447    0.920014
0.4225    0.079974    0.919489
0.4230    0.080529    0.918936
0.4235    0.081108    0.918359
0.4240    0.081707    0.917763
0.4245    0.082323    0.917149
0.4250    0.082951    0.916524
0.4255    0.083588    0.915889
0.4260    0.08423    0.915249
0.4265    0.084873    0.914609
0.4270    0.085513    0.91397
0.4275    0.086149    0.913337
0.4280    0.086776    0.912712
0.4285    0.087391    0.912099
0.4290    0.087992    0.9115
0.4295    0.088576    0.910918
0.4300    0.089139    0.910357
0.4305    0.08968    0.909818
0.4310    0.090196    0.909304
0.4315    0.090684    0.908818
0.4320    0.091143    0.908361
0.4325    0.091571    0.907935
0.4330    0.091966    0.907542
0.4335    0.092327    0.907183
0.4340    0.092651    0.906861
0.4345    0.092938    0.906575
0.4350    0.093188    0.906327
0.4355    0.093399    0.906118
0.4360    0.09357    0.905948
0.4365    0.093702    0.905818
0.4370    0.093794    0.905727
0.4375    0.093846    0.905677
0.4380    0.093858    0.905667
0.4385    0.09383    0.905696
0.4390    0.093762    0.905765
0.4395    0.093655    0.905874
0.4400    0.09351    0.90602
0.4405    0.093327    0.906205
0.4410    0.093107    0.906426
0.4415    0.092851    0.906683
0.4420    0.092561    0.906975
0.4425    0.092237    0.9073
0.4430    0.091881    0.907657
0.4435    0.091495    0.908045
0.4440    0.091079    0.908461
0.4445    0.090637    0.908905
0.4450    0.090168    0.909375
0.4455    0.089676    0.909868
0.4460    0.089163    0.910383
0.4465    0.088629    0.910917
0.4470    0.088078    0.91147
0.4475    0.087511    0.912038
0.4480    0.08693    0.912619
0.4485    0.086339    0.913212
0.4490    0.085737    0.913814
0.4495    0.08513    0.914423
0.4500    0.084517    0.915036
0.4505    0.083905    0.91565
0.4510    0.083292    0.916263
0.4515    0.082681    0.916875
0.4520    0.082074    0.917483
0.4525    0.081473    0.918085
0.4530    0.08088    0.918679
0.4535    0.080297    0.919263
0.4540    0.079726    0.919835
0.4545    0.07917    0.920393
0.4550    0.078629    0.920935
0.4555    0.078106    0.921459
0.4560    0.077602    0.921964
0.4565    0.077119    0.922448
0.4570    0.076659    0.922909
0.4575    0.076222    0.923346
0.4580    0.075811    0.923758
0.4585    0.075427    0.924144
0.4590    0.07507    0.924502
0.4595    0.074742    0.924831
0.4600    0.074443    0.92513
0.4605    0.074175    0.9254
0.4610    0.073937    0.925638
0.4615    0.073732    0.925845
0.4620    0.073558    0.92602
0.4625    0.073416    0.926163
0.4630    0.073307    0.926273
0.4635    0.073231    0.92635
0.4640    0.073187    0.926396
0.4645    0.073175    0.926409
0.4650    0.073195    0.92639
0.4655    0.073247    0.926339
0.4660    0.07333    0.926257
0.4665    0.073443    0.926145
0.4670    0.073586    0.926003
0.4675    0.073758    0.925832
0.4680    0.073958    0.925633
0.4685    0.074185    0.925407
0.4690    0.074439    0.925155
0.4695    0.074717    0.924878
0.4700    0.075019    0.924577
0.4705    0.075343    0.924254
0.4710    0.075689    0.923909
0.4715    0.076055    0.923545
0.4720    0.076439    0.923162
0.4725    0.07684    0.922762
0.4730    0.077257    0.922346
0.4735    0.077688    0.921917
0.4740    0.078132    0.921475
0.4745    0.078586    0.921021
0.4750    0.07905    0.920559
0.4755    0.079522    0.920088
0.4760    0.08    0.919611
0.4765    0.080483    0.919129
0.4770    0.080969    0.918644
0.4775    0.081457    0.918157
0.4780    0.081946    0.91767
0.4785    0.082433    0.917184
0.4790    0.082917    0.916701
0.4795    0.083397    0.916222
0.4800    0.083872    0.915749
0.4805    0.084339    0.915282
0.4810    0.084799    0.914824
0.4815    0.085249    0.914375
0.4820    0.085688    0.913937
0.4825    0.086116    0.913511
0.4830    0.08653    0.913097
0.4835    0.086931    0.912698
0.4840    0.087316    0.912314
0.4845    0.087685    0.911945
0.4850    0.088038    0.911594
0.4855    0.088373    0.91126
0.4860    0.088689    0.910945
0.4865    0.088986    0.910649
0.4870    0.089263    0.910373
0.4875    0.089519    0.910118
0.4880    0.089754    0.909883
0.4885    0.089968    0.90967
0.4890    0.09016    0.90948
0.4895    0.090329    0.909312
0.4900    0.090475    0.909166
0.4905    0.090599    0.909044
0.4910    0.090699    0.908945
0.4915    0.090775    0.908869
0.4920    0.090828    0.908817
0.4925    0.090858    0.908788
0.4930    0.090864    0.908783
0.4935    0.090846    0.908802
0.4940    0.090805    0.908843
0.4945    0.090741    0.908908
0.4950    0.090654    0.908996
0.4955    0.090544    0.909106
0.4960    0.090412    0.909239
0.4965    0.090258    0.909394
0.4970    0.090082    0.909571
0.4975    0.089885    0.909768
0.4980    0.089668    0.909987
0.4985    0.08943    0.910225
0.4990    0.089172    0.910483
0.4995    0.088896    0.91076
0.5000    0.088601    0.911056
0.5005    0.0883    0.911358
0.5010    0.087982    0.911677
0.5015    0.087647    0.912012
0.5020    0.087298    0.912362
0.5025    0.086934    0.912726
0.5030    0.086557    0.913104
0.5035    0.086166    0.913495
0.5040    0.085764    0.913898
0.5045    0.085351    0.914312
0.5050    0.084927    0.914736
0.5055    0.084495    0.915169
0.5060    0.084053    0.915611
0.5065    0.083605    0.91606
0.5070    0.08315    0.916516
0.5075    0.082689    0.916977
0.5080    0.082224    0.917443
0.5085    0.081755    0.917913
0.5090    0.081283    0.918385
0.5095    0.08081    0.918859
0.5100    0.080336    0.919333
0.5105    0.079862    0.919808
0.5110    0.079389    0.920281
0.5115    0.078919    0.920752
0.5120    0.078451    0.92122
0.5125    0.077988    0.921684
0.5130    0.07753    0.922143
0.5135    0.077077    0.922596
0.5140    0.076631    0.923042
0.5145    0.076193    0.923481
0.5150    0.075764    0.923911
0.5155    0.075344    0.924331
0.5160    0.074934    0.924741
0.5165    0.074535    0.925141
0.5170    0.074148    0.925529
0.5175    0.073773    0.925904
0.5180    0.073411    0.926267
0.5185    0.073063    0.926615
0.5190    0.07273    0.926949
0.5195    0.072411    0.927269
0.5200    0.072108    0.927572
0.5205    0.071821    0.92786
0.5210    0.071551    0.928131
0.5215    0.071298    0.928384
0.5220    0.071062    0.92862
0.5225    0.070845    0.928839
0.5230    0.070645    0.929038
0.5235    0.070465    0.92922
0.5240    0.070303    0.929382
0.5245    0.070161    0.929525
0.5250    0.070038    0.929648
0.5255    0.069934    0.929753
0.5260    0.06985    0.929837
0.5265    0.069786    0.929902
0.5270    0.069742    0.929947
0.5275    0.069717    0.929972
0.5280    0.069712    0.929978
0.5285    0.069727    0.929963
0.5290    0.069762    0.929929
0.5295    0.069816    0.929876
0.5300    0.069889    0.929803
0.5305    0.069982    0.929711
0.5310    0.070093    0.929601
0.5315    0.070223    0.929472
0.5320    0.070371    0.929324
0.5325    0.070537    0.929159
0.5330    0.070721    0.928976
0.5335    0.070922    0.928776
0.5340    0.071139    0.928559
0.5345    0.071373    0.928326
0.5350    0.071623    0.928077
0.5355    0.071888    0.927812
0.5360    0.072168    0.927533
0.5365    0.072462    0.927239
0.5370    0.07277    0.926932
0.5375    0.073091    0.926612
0.5380    0.073425    0.926279
0.5385    0.07377    0.925934
0.5390    0.074127    0.925578
0.5395    0.074495    0.925211
0.5400    0.074872    0.924834
0.5405    0.07526    0.924448
0.5410    0.075656    0.924052
0.5415    0.07606    0.923649
0.5420    0.076472    0.923238
0.5425    0.07689    0.92282
0.5430    0.077315    0.922396
0.5435    0.077746    0.921966
0.5440    0.078181    0.921531
0.5445    0.078621    0.921093
0.5450    0.079064    0.92065
0.5455    0.07951    0.920205
0.5460    0.079958    0.919757
0.5465    0.080408    0.919308
0.5470    0.080859    0.918858
0.5475    0.08131    0.918408
0.5480    0.081761    0.917957
0.5485    0.082211    0.917508
0.5490    0.08266    0.91706
0.5495    0.083106    0.916614
0.5500    0.08355    0.916171
0.5505    0.083991    0.915731
0.5510    0.084428    0.915295
0.5515    0.08486    0.914863
0.5520    0.085288    0.914435
0.5525    0.085711    0.914013
0.5530    0.086128    0.913597
0.5535    0.086539    0.913187
0.5540    0.086943    0.912783
0.5545    0.08734    0.912387
0.5550    0.087729    0.911998
0.5555    0.088111    0.911618
0.5560    0.088484    0.911245
0.5565    0.088848    0.910882
0.5570    0.089203    0.910527
0.5575    0.089549    0.910182
0.5580    0.089885    0.909847
0.5585    0.090211    0.909521
0.5590    0.090527    0.909206
0.5595    0.090832    0.908902
0.5600    0.091126    0.908608
0.5605    0.091409    0.908326
0.5610    0.09168    0.908055
0.5615    0.091941    0.907795
0.5620    0.092189    0.907547
0.5625    0.092426    0.907311
0.5630    0.09265    0.907087
0.5635    0.092863    0.906875
0.5640    0.093063    0.906675
0.5645    0.093251    0.906488
0.5650    0.093427    0.906313
0.5655    0.09359    0.906151
0.5660    0.09374    0.906001
0.5665    0.093878    0.905864
0.5670    0.094003    0.905739
0.5675    0.094115    0.905627
0.5680    0.094215    0.905527
0.5685    0.094303    0.90544
0.5690    0.094378    0.905366
0.5695    0.09444    0.905304
0.5700    0.09449    0.905255
0.5705    0.094528    0.905218
0.5710    0.094553    0.905193
0.5715    0.094566    0.90518
0.5720    0.094567    0.905179
0.5725    0.094557    0.905191
0.5730    0.094534    0.905213
0.5735    0.0945    0.905248
0.5740    0.094455    0.905294
0.5745    0.094398    0.90535
0.5750    0.094331    0.905418
0.5755    0.094253    0.905496
0.5760    0.094165    0.905585
0.5765    0.094066    0.905685
0.5770    0.093957    0.905795
0.5775    0.093837    0.905914
0.5780    0.093708    0.906043
0.5785    0.09357    0.906182
0.5790    0.093422    0.90633
0.5795    0.093266    0.906487
0.5800    0.093101    0.906653
0.5805    0.092927    0.906827
0.5810    0.092745    0.907009
0.5815    0.092556    0.907199
0.5820    0.092359    0.907396
0.5825    0.092154    0.907601
0.5830    0.091943    0.907813
0.5835    0.091725    0.908031
0.5840    0.091501    0.908255
0.5845    0.091271    0.908486
0.5850    0.091035    0.908722
0.5855    0.090794    0.908964
0.5860    0.090548    0.90921
0.5865    0.090297    0.909461
0.5870    0.090042    0.909717
0.5875    0.089783    0.909976
0.5880    0.08952    0.910239
0.5885    0.089254    0.910506
0.5890    0.088985    0.910775
0.5895    0.088713    0.911047
0.5900    0.088439    0.911322
0.5905    0.088163    0.911598
0.5910    0.087885    0.911877
0.5915    0.087606    0.912156
0.5920    0.087326    0.912437
0.5925    0.087045    0.912718
0.5930    0.086763    0.913
0.5935    0.086482    0.913281
0.5940    0.086201    0.913563
0.5945    0.08592    0.913844
0.5950    0.085641    0.914124
0.5955    0.085362    0.914403
0.5960    0.085085    0.91468
0.5965    0.08481    0.914955
0.5970    0.084537    0.915229
0.5975    0.084266    0.9155
0.5980    0.083998    0.915769
0.5985    0.083733    0.916034
0.5990    0.083471    0.916296
0.5995    0.083212    0.916555
0.6000    0.082957    0.91681
0.6005    0.082706    0.917062
0.6010    0.08246    0.917309
0.6015    0.082217    0.917551
0.6020    0.08198    0.917789
0.6025    0.081747    0.918022
0.6030    0.08152    0.91825
0.6035    0.081298    0.918472
0.6040    0.081081    0.918689
0.6045    0.08087    0.918901
0.6050    0.080665    0.919106
0.6055    0.080466    0.919306
0.6060    0.080273    0.919499
0.6065    0.080086    0.919686
0.6070    0.079906    0.919866
0.6075    0.079733    0.92004
0.6080    0.079566    0.920207
0.6085    0.079406    0.920367
0.6090    0.079254    0.92052
0.6095    0.079108    0.920666
0.6100    0.078969    0.920805
0.6105    0.078838    0.920937
0.6110    0.078714    0.921061
0.6115    0.078598    0.921178
0.6120    0.078489    0.921287
0.6125    0.078387    0.921389
0.6130    0.078293    0.921483
0.6135    0.078207    0.92157
0.6140    0.078128    0.921649
0.6145    0.078057    0.921721
0.6150    0.077993    0.921785
0.6155    0.077937    0.921841
0.6160    0.077889    0.92189
0.6165    0.077848    0.921931
0.6170    0.077814    0.921965
0.6175    0.077788    0.921991
0.6180    0.07777    0.92201
0.6185    0.077759    0.922022
0.6190    0.077755    0.922026
0.6195    0.077759    0.922023
0.6200    0.077769    0.922012
0.6205    0.077787    0.921995
0.6210    0.077812    0.921971
0.6215    0.077843    0.921939
0.6220    0.077882    0.921901
0.6225    0.077927    0.921857
0.6230    0.077979    0.921805
0.6235    0.078037    0.921748
0.6240    0.078101    0.921683
0.6245    0.078172    0.921613
0.6250    0.078249    0.921537
0.6255    0.078331    0.921455
0.6260    0.07842    0.921367
0.6265    0.078514    0.921273
0.6270    0.078613    0.921174
0.6275    0.078718    0.92107
0.6280    0.078828    0.92096
0.6285    0.078943    0.920845
0.6290    0.079062    0.920726
0.6295    0.079187    0.920602
0.6300    0.079315    0.920474
0.6305    0.079448    0.920341
0.6310    0.079586    0.920204
0.6315    0.079727    0.920064
0.6320    0.079871    0.919919
0.6325    0.08002    0.919772
0.6330    0.080171    0.91962
0.6335    0.080326    0.919466
0.6340    0.080484    0.919308
0.6345    0.080644    0.919148
0.6350    0.080807    0.918986
0.6355    0.080973    0.91882
0.6360    0.081141    0.918653
0.6365    0.08131    0.918484
0.6370    0.081482    0.918312
0.6375    0.081655    0.91814
0.6380    0.08183    0.917965
0.6385    0.082006    0.91779
0.6390    0.082183    0.917613
0.6395    0.082361    0.917435
0.6400    0.08254    0.917257
0.6405    0.082719    0.917078
0.6410    0.082898    0.916899
0.6415    0.083078    0.91672
0.6420    0.083258    0.916541
0.6425    0.083437    0.916362
0.6430    0.083616    0.916183
0.6435    0.083795    0.916005
0.6440    0.083972    0.915827
0.6445    0.084149    0.915651
0.6450    0.084325    0.915475
0.6455    0.0845    0.915301
0.6460    0.084673    0.915128
0.6465    0.084845    0.914956
0.6470    0.085015    0.914787
0.6475    0.085183    0.914619
0.6480    0.08535    0.914453
0.6485    0.085514    0.914289
0.6490    0.085676    0.914127
0.6495    0.085835    0.913968
0.6500    0.085992    0.913812
0.6505    0.086146    0.913658
0.6510    0.086297    0.913507
0.6515    0.086445    0.913359
0.6520    0.086591    0.913214
0.6525    0.086733    0.913073
0.6530    0.086872    0.912934
0.6535    0.087007    0.912799
0.6540    0.08714    0.912667
0.6545    0.087268    0.912539
0.6550    0.087393    0.912414
0.6555    0.087514    0.912294
0.6560    0.087631    0.912177
0.6565    0.087745    0.912064
0.6570    0.087854    0.911955
0.6575    0.087959    0.91185
0.6580    0.08806    0.911749
0.6585    0.088157    0.911653
0.6590    0.088249    0.91156
0.6595    0.088337    0.911473
0.6600    0.088421    0.911389
0.6605    0.0885    0.91131
0.6610    0.088575    0.911236
0.6615    0.088645    0.911166
0.6620    0.08871    0.911101
0.6625    0.088771    0.911041
0.6630    0.088827    0.910985
0.6635    0.088879    0.910934
0.6640    0.088925    0.910888
0.6645    0.088967    0.910846
0.6650    0.089004    0.910809
0.6655    0.089036    0.910778
0.6660    0.089064    0.91075
0.6665    0.089086    0.910728
0.6670    0.089104    0.910711
0.6675    0.089116    0.910698
0.6680    0.089124    0.910691
0.6685    0.089127    0.910688
0.6690    0.089126    0.91069
0.6695    0.089119    0.910697
0.6700    0.089107    0.910709
0.6705    0.089091    0.910725
0.6710    0.08907    0.910747
0.6715    0.089044    0.910773
0.6720    0.089014    0.910804
0.6725    0.088978    0.910839
0.6730    0.088938    0.91088
0.6735    0.088894    0.910925
0.6740    0.088844    0.910974
0.6745    0.088791    0.911028
0.6750    0.088732    0.911087
0.6755    0.088669    0.91115
0.6760    0.088602    0.911217
0.6765    0.08853    0.911289
0.6770    0.088454    0.911366
0.6775    0.088374    0.911446
0.6780    0.08829    0.911531
0.6785    0.088201    0.91162
0.6790    0.088108    0.911713
0.6795    0.088011    0.91181
0.6800    0.087911    0.911911
0.6805    0.087806    0.912016
0.6810    0.087697    0.912125
0.6815    0.087585    0.912237
0.6820    0.087469    0.912353
0.6825    0.08735    0.912473
0.6830    0.087227    0.912596
0.6835    0.0871    0.912723
0.6840    0.08697    0.912853
0.6845    0.086837    0.912987
0.6850    0.086701    0.913123
0.6855    0.086561    0.913263
0.6860    0.086419    0.913406
0.6865    0.086273    0.913551
0.6870    0.086125    0.9137
0.6875    0.085974    0.913851
0.6880    0.08582    0.914005
0.6885    0.085664    0.914162
0.6890    0.085505    0.914321
0.6895    0.085344    0.914482
0.6900    0.085181    0.914646
0.6905    0.085015    0.914811
0.6910    0.084847    0.914979
0.6915    0.084678    0.915149
0.6920    0.084506    0.915321
0.6925    0.084333    0.915494
0.6930    0.084158    0.91567
0.6935    0.083981    0.915847
0.6940    0.083803    0.916025
0.6945    0.083624    0.916204
0.6950    0.083443    0.916385
0.6955    0.083261    0.916568
0.6960    0.083078    0.916751
0.6965    0.082894    0.916935
0.6970    0.082709    0.91712
0.6975    0.082524    0.917306
0.6980    0.082337    0.917492
0.6985    0.082151    0.917679
0.6990    0.081963    0.917867
0.6995    0.081776    0.918055
0.7000    0.081588    0.918243
0.7005    0.0814    0.918431
0.7010    0.081212    0.918619
0.7015    0.081024    0.918808
0.7020    0.080836    0.918996
0.7025    0.080648    0.919184
0.7030    0.080461    0.919371
0.7035    0.080274    0.919558
0.7040    0.080087    0.919745
0.7045    0.079902    0.919931
0.7050    0.079717    0.920116
0.7055    0.079532    0.9203
0.7060    0.079349    0.920484
0.7065    0.079167    0.920666
0.7070    0.078986    0.920848
0.7075    0.078806    0.921028
0.7080    0.078627    0.921207
0.7085    0.07845    0.921384
0.7090    0.078274    0.921561
0.7095    0.078099    0.921735
0.7100    0.077926    0.921908
0.7105    0.077755    0.92208
0.7110    0.077586    0.922249
0.7115    0.077418    0.922417
0.7120    0.077252    0.922583
0.7125    0.077089    0.922747
0.7130    0.076927    0.922909
0.7135    0.076768    0.923068
0.7140    0.07661    0.923226
0.7145    0.076456    0.923381
0.7150    0.076303    0.923534
0.7155    0.076153    0.923684
0.7160    0.076005    0.923832
0.7165    0.07586    0.923977
0.7170    0.075717    0.92412
0.7175    0.075577    0.92426
0.7180    0.07544    0.924398
0.7185    0.075306    0.924532
0.7190    0.075174    0.924664
0.7195    0.075045    0.924793
0.7200    0.07492    0.924919
0.7205    0.074797    0.925042
0.7210    0.074677    0.925162
0.7215    0.074561    0.925279
0.7220    0.074447    0.925393
0.7225    0.074337    0.925503
0.7230    0.074229    0.925611
0.7235    0.074125    0.925715
0.7240    0.074025    0.925816
0.7245    0.073927    0.925913
0.7250    0.073833    0.926008
0.7255    0.073742    0.926099
0.7260    0.073655    0.926186
0.7265    0.073571    0.92627
0.7270    0.073491    0.926351
0.7275    0.073414    0.926428
0.7280    0.07334    0.926502
0.7285    0.07327    0.926572
0.7290    0.073204    0.926639
0.7295    0.07314    0.926702
0.7300    0.073081    0.926762
0.7305    0.073025    0.926818
0.7310    0.072973    0.926871
0.7315    0.072924    0.92692
0.7320    0.072878    0.926965
0.7325    0.072837    0.927007
0.7330    0.072798    0.927046
0.7335    0.072764    0.92708
0.7340    0.072733    0.927112
0.7345    0.072705    0.92714
0.7350    0.072681    0.927164
0.7355    0.072661    0.927184
0.7360    0.072644    0.927202
0.7365    0.07263    0.927215
0.7370    0.07262    0.927226
0.7375    0.072614    0.927232
0.7380    0.07261    0.927236
0.7385    0.072611    0.927236
0.7390    0.072615    0.927232
0.7395    0.072622    0.927225
0.7400    0.072632    0.927215
0.7405    0.072646    0.927201
0.7410    0.072663    0.927184
0.7415    0.072684    0.927164
0.7420    0.072707    0.92714
0.7425    0.072734    0.927114
0.7430    0.072764    0.927084
0.7435    0.072798    0.927051
0.7440    0.072834    0.927015
0.7445    0.072874    0.926975
0.7450    0.072916    0.926933
0.7455    0.072962    0.926888
0.7460    0.07301    0.926839
0.7465    0.073061    0.926788
0.7470    0.073116    0.926734
0.7475    0.073173    0.926677
0.7480    0.073233    0.926618
0.7485    0.073295    0.926556
0.7490    0.07336    0.926491
0.7495    0.073428    0.926423
0.7500    0.073499    0.926353
0.7505    0.073572    0.92628
0.7510    0.073647    0.926204
0.7515    0.073725    0.926127
0.7520    0.073806    0.926046
0.7525    0.073888    0.925964
0.7530    0.073974    0.925879
0.7535    0.074061    0.925792
0.7540    0.07415    0.925703
0.7545    0.074242    0.925611
0.7550    0.074336    0.925518
0.7555    0.074432    0.925422
0.7560    0.074529    0.925324
0.7565    0.074629    0.925225
0.7570    0.074731    0.925124
0.7575    0.074834    0.925021
0.7580    0.074939    0.924916
0.7585    0.075046    0.924809
0.7590    0.075154    0.924701
0.7595    0.075264    0.924591
0.7600    0.075376    0.92448
0.7605    0.075489    0.924367
0.7610    0.075603    0.924253
0.7615    0.075719    0.924137
0.7620    0.075836    0.924021
0.7625    0.075954    0.923903
0.7630    0.076073    0.923784
0.7635    0.076193    0.923663
0.7640    0.076315    0.923542
0.7645    0.076437    0.92342
0.7650    0.076561    0.923297
0.7655    0.076685    0.923173
0.7660    0.07681    0.923048
0.7665    0.076936    0.922922
0.7670    0.077062    0.922796
0.7675    0.077189    0.922669
0.7680    0.077317    0.922542
0.7685    0.077445    0.922414
0.7690    0.077574    0.922285
0.7695    0.077703    0.922156
0.7700    0.077832    0.922027
0.7705    0.077962    0.921898
0.7710    0.078092    0.921768
0.7715    0.078222    0.921638
0.7720    0.078352    0.921508
0.7725    0.078483    0.921378
0.7730    0.078613    0.921248
0.7735    0.078743    0.921118
0.7740    0.078873    0.920988
0.7745    0.079003    0.920858
0.7750    0.079133    0.920729
0.7755    0.079262    0.9206
0.7760    0.079391    0.920471
0.7765    0.07952    0.920342
0.7770    0.079649    0.920214
0.7775    0.079776    0.920086
0.7780    0.079904    0.919959
0.7785    0.080031    0.919832
0.7790    0.080157    0.919706
0.7795    0.080282    0.919581
0.7800    0.080407    0.919456
0.7805    0.080531    0.919332
0.7810    0.080655    0.919209
0.7815    0.080777    0.919087
0.7820    0.080899    0.918966
0.7825    0.081019    0.918845
0.7830    0.081139    0.918726
0.7835    0.081258    0.918607
0.7840    0.081375    0.91849
0.7845    0.081492    0.918374
0.7850    0.081607    0.918259
0.7855    0.081721    0.918145
0.7860    0.081834    0.918032
0.7865    0.081946    0.91792
0.7870    0.082056    0.91781
0.7875    0.082165    0.917701
0.7880    0.082273    0.917594
0.7885    0.082379    0.917487
0.7890    0.082484    0.917383
0.7895    0.082588    0.91728
0.7900    0.08269    0.917178
0.7905    0.08279    0.917077
0.7910    0.082889    0.916979
0.7915    0.082986    0.916882
0.7920    0.083082    0.916786
0.7925    0.083176    0.916692
0.7930    0.083268    0.9166
0.7935    0.083359    0.91651
0.7940    0.083448    0.916421
0.7945    0.083535    0.916334
0.7950    0.083621    0.916248
0.7955    0.083705    0.916165
0.7960    0.083787    0.916083
0.7965    0.083867    0.916003
0.7970    0.083945    0.915925
0.7975    0.084022    0.915849
0.7980    0.084096    0.915774
0.7985    0.084169    0.915702
0.7990    0.08424    0.915631
0.7995    0.084308    0.915562
0.8000    0.084375    0.915496
0.8005    0.08444    0.915431
0.8010    0.084503    0.915368
0.8015    0.084564    0.915308
0.8020    0.084623    0.915249
0.8025    0.08468    0.915192
0.8030    0.084734    0.915138
0.8035    0.084787    0.915085
0.8040    0.084838    0.915035
0.8045    0.084886    0.914986
0.8050    0.084933    0.91494
0.8055    0.084977    0.914895
0.8060    0.08502    0.914853
0.8065    0.08506    0.914813
0.8070    0.085098    0.914775
0.8075    0.085134    0.914739
0.8080    0.085168    0.914705
0.8085    0.0852    0.914674
0.8090    0.08523    0.914644
0.8095    0.085257    0.914617
0.8100    0.085283    0.914591
0.8105    0.085306    0.914568
0.8110    0.085328    0.914547
0.8115    0.085347    0.914528
0.8120    0.085364    0.914511
0.8125    0.085378    0.914497
0.8130    0.085391    0.914484
0.8135    0.085402    0.914474
0.8140    0.08541    0.914465
0.8145    0.085417    0.914459
0.8150    0.085421    0.914455
0.8155    0.085423    0.914453
0.8160    0.085423    0.914453
0.8165    0.085422    0.914455
0.8170    0.085418    0.914459
0.8175    0.085411    0.914465
0.8180    0.085403    0.914473
0.8185    0.085393    0.914484
0.8190    0.085381    0.914496
0.8195    0.085367    0.914511
0.8200    0.08535    0.914527
0.8205    0.085332    0.914545
0.8210    0.085312    0.914566
0.8215    0.08529    0.914588
0.8220    0.085266    0.914612
0.8225    0.085239    0.914639
0.8230    0.085211    0.914667
0.8235    0.085181    0.914697
0.8240    0.08515    0.914729
0.8245    0.085116    0.914763
0.8250    0.08508    0.914799
0.8255    0.085043    0.914836
0.8260    0.085003    0.914876
0.8265    0.084962    0.914917
0.8270    0.084919    0.91496
0.8275    0.084874    0.915005
0.8280    0.084828    0.915052
0.8285    0.08478    0.9151
0.8290    0.08473    0.91515
0.8295    0.084678    0.915202
0.8300    0.084624    0.915256
0.8305    0.084569    0.915311
0.8310    0.084513    0.915368
0.8315    0.084454    0.915427
0.8320    0.084394    0.915487
0.8325    0.084332    0.915548
0.8330    0.084269    0.915612
0.8335    0.084205    0.915676
0.8340    0.084138    0.915743
0.8345    0.084071    0.915811
0.8350    0.084001    0.91588
0.8355    0.083931    0.915951
0.8360    0.083859    0.916023
0.8365    0.083785    0.916097
0.8370    0.08371    0.916172
0.8375    0.083634    0.916248
0.8380    0.083557    0.916326
0.8385    0.083478    0.916405
0.8390    0.083398    0.916485
0.8395    0.083316    0.916566
0.8400    0.083234    0.916649
0.8405    0.08315    0.916733
0.8410    0.083065    0.916818
0.8415    0.082979    0.916904
0.8420    0.082892    0.916992
0.8425    0.082803    0.91708
0.8430    0.082714    0.91717
0.8435    0.082623    0.91726
0.8440    0.082532    0.917352
0.8445    0.082439    0.917445
0.8450    0.082346    0.917538
0.8455    0.082252    0.917632
0.8460    0.082157    0.917728
0.8465    0.082061    0.917824
0.8470    0.081964    0.917921
0.8475    0.081866    0.918019
0.8480    0.081767    0.918118
0.8485    0.081668    0.918217
0.8490    0.081568    0.918317
0.8495    0.081467    0.918418
0.8500    0.081366    0.918519
0.8505    0.081264    0.918621
0.8510    0.081162    0.918724
0.8515    0.081059    0.918827
0.8520    0.080955    0.91893
0.8525    0.080851    0.919035
0.8530    0.080747    0.919139
0.8535    0.080642    0.919245
0.8540    0.080536    0.91935
0.8545    0.08043    0.919456
0.8550    0.080324    0.919563
0.8555    0.080217    0.91967
0.8560    0.08011    0.919777
0.8565    0.080003    0.919884
0.8570    0.079895    0.919992
0.8575    0.079787    0.9201
0.8580    0.079679    0.920208
0.8585    0.079571    0.920317
0.8590    0.079462    0.920425
0.8595    0.079354    0.920534
0.8600    0.079245    0.920643
0.8605    0.079136    0.920751
0.8610    0.079028    0.92086
0.8615    0.078919    0.920969
0.8620    0.07881    0.921078
0.8625    0.078701    0.921187
0.8630    0.078592    0.921296
0.8635    0.078484    0.921405
0.8640    0.078375    0.921514
0.8645    0.078267    0.921622
0.8650    0.078158    0.92173
0.8655    0.07805    0.921839
0.8660    0.077943    0.921947
0.8665    0.077835    0.922054
0.8670    0.077728    0.922162
0.8675    0.077621    0.922269
0.8680    0.077514    0.922375
0.8685    0.077408    0.922482
0.8690    0.077302    0.922588
0.8695    0.077196    0.922694
0.8700    0.077091    0.922799
0.8705    0.076986    0.922904
0.8710    0.076882    0.923008
0.8715    0.076779    0.923112
0.8720    0.076675    0.923215
0.8725    0.076573    0.923318
0.8730    0.076471    0.92342
0.8735    0.076369    0.923522
0.8740    0.076268    0.923623
0.8745    0.076168    0.923723
0.8750    0.076069    0.923823
0.8755    0.07597    0.923921
0.8760    0.075872    0.92402
0.8765    0.075774    0.924117
0.8770    0.075678    0.924214
0.8775    0.075582    0.92431
0.8780    0.075487    0.924405
0.8785    0.075392    0.9245
0.8790    0.075299    0.924593
0.8795    0.075206    0.924686
0.8800    0.075115    0.924778
0.8805    0.075024    0.924869
0.8810    0.074934    0.924959
0.8815    0.074845    0.925048
0.8820    0.074757    0.925136
0.8825    0.07467    0.925223
0.8830    0.074584    0.925309
0.8835    0.074499    0.925394
0.8840    0.074415    0.925478
0.8845    0.074332    0.925561
0.8850    0.07425    0.925643
0.8855    0.074169    0.925724
0.8860    0.07409    0.925804
0.8865    0.074011    0.925883
0.8870    0.073934    0.92596
0.8875    0.073857    0.926037
0.8880    0.073782    0.926112
0.8885    0.073708    0.926186
0.8890    0.073635    0.926259
0.8895    0.073564    0.92633
0.8900    0.073494    0.926401
0.8905    0.073424    0.92647
0.8910    0.073357    0.926538
0.8915    0.07329    0.926605
0.8920    0.073225    0.92667
0.8925    0.073161    0.926735
0.8930    0.073098    0.926797
0.8935    0.073036    0.926859
0.8940    0.072976    0.926919
0.8945    0.072917    0.926978
0.8950    0.07286    0.927036
0.8955    0.072804    0.927092
0.8960    0.072749    0.927147
0.8965    0.072695    0.927201
0.8970    0.072643    0.927253
0.8975    0.072593    0.927304
0.8980    0.072543    0.927353
0.8985    0.072495    0.927401
0.8990    0.072449    0.927448
0.8995    0.072404    0.927493
0.9000    0.07236    0.927536
0.9005    0.072318    0.927579
0.9010    0.072277    0.92762
0.9015    0.072238    0.927659
0.9020    0.0722    0.927697
0.9025    0.072164    0.927734
0.9030    0.072129    0.927769
0.9035    0.072095    0.927802
0.9040    0.072063    0.927835
0.9045    0.072032    0.927865
0.9050    0.072003    0.927895
0.9055    0.071976    0.927922
0.9060    0.071949    0.927949
0.9065    0.071925    0.927974
0.9070    0.071901    0.927997
0.9075    0.07188    0.928019
0.9080    0.071859    0.928039
0.9085    0.071841    0.928058
0.9090    0.071823    0.928075
0.9095    0.071808    0.928091
0.9100    0.071793    0.928106
0.9105    0.07178    0.928119
0.9110    0.071769    0.92813
0.9115    0.071759    0.92814
0.9120    0.071751    0.928149
0.9125    0.071744    0.928156
0.9130    0.071738    0.928161
0.9135    0.071734    0.928166
0.9140    0.071731    0.928168
0.9145    0.07173    0.92817
0.9150    0.071731    0.928169
0.9155    0.071733    0.928168
0.9160    0.071736    0.928164
0.9165    0.071741    0.92816
0.9170    0.071747    0.928154
0.9175    0.071754    0.928146
0.9180    0.071763    0.928137
0.9185    0.071774    0.928127
0.9190    0.071786    0.928115
0.9195    0.071799    0.928102
0.9200    0.071814    0.928087
0.9205    0.07183    0.928071
0.9210    0.071848    0.928053
0.9215    0.071867    0.928034
0.9220    0.071888    0.928014
0.9225    0.07191    0.927992
0.9230    0.071933    0.927969
0.9235    0.071957    0.927944
0.9240    0.071984    0.927918
0.9245    0.072011    0.927891
0.9250    0.07204    0.927862
0.9255    0.07207    0.927832
0.9260    0.072101    0.927801
0.9265    0.072134    0.927768
0.9270    0.072168    0.927734
0.9275    0.072204    0.927699
0.9280    0.07224    0.927662
0.9285    0.072278    0.927625
0.9290    0.072318    0.927585
0.9295    0.072358    0.927545
0.9300    0.0724    0.927503
0.9305    0.072443    0.92746
0.9310    0.072488    0.927416
0.9315    0.072533    0.92737
0.9320    0.07258    0.927323
0.9325    0.072628    0.927275
0.9330    0.072678    0.927226
0.9335    0.072728    0.927176
0.9340    0.07278    0.927124
0.9345    0.072833    0.927071
0.9350    0.072887    0.927017
0.9355    0.072942    0.926962
0.9360    0.072998    0.926906
0.9365    0.073056    0.926849
0.9370    0.073114    0.92679
0.9375    0.073174    0.926731
0.9380    0.073235    0.92667
0.9385    0.073297    0.926609
0.9390    0.073359    0.926546
0.9395    0.073423    0.926482
0.9400    0.073488    0.926417
0.9405    0.073554    0.926351
0.9410    0.073621    0.926284
0.9415    0.073689    0.926216
0.9420    0.073758    0.926147
0.9425    0.073828    0.926078
0.9430    0.073899    0.926007
0.9435    0.073971    0.925935
0.9440    0.074044    0.925862
0.9445    0.074118    0.925789
0.9450    0.074192    0.925714
0.9455    0.074268    0.925639
0.9460    0.074344    0.925562
0.9465    0.074422    0.925485
0.9470    0.0745    0.925407
0.9475    0.074579    0.925328
0.9480    0.074659    0.925248
0.9485    0.07474    0.925168
0.9490    0.074821    0.925086
0.9495    0.074903    0.925004
0.9500    0.074986    0.924921
0.9505    0.07507    0.924837
0.9510    0.075155    0.924753
0.9515    0.07524    0.924668
0.9520    0.075326    0.924582
0.9525    0.075412    0.924496
0.9530    0.0755    0.924408
0.9535    0.075588    0.924321
0.9540    0.075676    0.924232
0.9545    0.075766    0.924143
0.9550    0.075855    0.924053
0.9555    0.075946    0.923963
0.9560    0.076037    0.923872
0.9565    0.076128    0.92378
0.9570    0.076221    0.923688
0.9575    0.076313    0.923596
0.9580    0.076407    0.923503
0.9585    0.0765    0.923409
0.9590    0.076595    0.923315
0.9595    0.076689    0.92322
0.9600    0.076784    0.923125
0.9605    0.07688    0.92303
0.9610    0.076976    0.922934
0.9615    0.077073    0.922837
0.9620    0.07717    0.922741
0.9625    0.077267    0.922643
0.9630    0.077365    0.922546
0.9635    0.077463    0.922448
0.9640    0.077561    0.92235
0.9645    0.07766    0.922251
0.9650    0.077759    0.922152
0.9655    0.077858    0.922053
0.9660    0.077958    0.921953
0.9665    0.078058    0.921853
0.9670    0.078158    0.921753
0.9675    0.078258    0.921653
0.9680    0.078359    0.921552
0.9685    0.07846    0.921452
0.9690    0.078561    0.921351
0.9695    0.078662    0.921249
0.9700    0.078764    0.921148
0.9705    0.078865    0.921047
0.9710    0.078967    0.920945
0.9715    0.079069    0.920843
0.9720    0.079171    0.920741
0.9725    0.079273    0.920639
0.9730    0.079375    0.920537
0.9735    0.079478    0.920435
0.9740    0.07958    0.920333
0.9745    0.079682    0.92023
0.9750    0.079785    0.920128
0.9755    0.079887    0.920025
0.9760    0.07999    0.919923
0.9765    0.080092    0.919821
0.9770    0.080195    0.919718
0.9775    0.080297    0.919616
0.9780    0.0804    0.919513
0.9785    0.080502    0.919411
0.9790    0.080605    0.919309
0.9795    0.080707    0.919207
0.9800    0.080809    0.919105
0.9805    0.080911    0.919003
0.9810    0.081013    0.918901
0.9815    0.081115    0.918799
0.9820    0.081217    0.918697
0.9825    0.081318    0.918596
0.9830    0.08142    0.918495
0.9835    0.081521    0.918394
0.9840    0.081622    0.918293
0.9845    0.081723    0.918192
0.9850    0.081823    0.918092
0.9855    0.081923    0.917991
0.9860    0.082023    0.917891
0.9865    0.082123    0.917792
0.9870    0.082223    0.917692
0.9875    0.082322    0.917593
0.9880    0.082421    0.917494
0.9885    0.08252    0.917395
0.9890    0.082618    0.917297
0.9895    0.082717    0.917199
0.9900    0.082814    0.917101
0.9905    0.082912    0.917004
0.9910    0.083009    0.916907
0.9915    0.083106    0.91681
0.9920    0.083202    0.916714
0.9925    0.083299    0.916618
0.9930    0.083394    0.916522
0.9935    0.08349    0.916427
0.9940    0.083585    0.916332
0.9945    0.083679    0.916237
0.9950    0.083773    0.916143
0.9955    0.083867    0.916049
0.9960    0.083961    0.915956
0.9965    0.084053    0.915863
0.9970    0.084146    0.915771
0.9975    0.084238    0.915679
0.9980    0.084329    0.915588
0.9985    0.08442    0.915497
0.9990    0.084511    0.915406
0.9995    0.084601    0.915316
1.0000    0.084691    0.915227
1.0005    0.08478    0.915138
1.0010    0.084868    0.915049
1.0015    0.084957    0.914961
1.0020    0.085044    0.914874
1.0025    0.085131    0.914787
1.0030    0.085218    0.9147
1.0035    0.085304    0.914614
1.0040    0.085389    0.914529
1.0045    0.085474    0.914444
1.0050    0.085558    0.91436
1.0055    0.085642    0.914277
1.0060    0.085725    0.914193
1.0065    0.085808    0.914111
1.0070    0.08589    0.914029
1.0075    0.085971    0.913948
1.0080    0.086052    0.913867
1.0085    0.086132    0.913787
1.0090    0.086211    0.913708
1.0095    0.08629    0.913629
1.0100    0.086368    0.913551
1.0105    0.086446    0.913474
1.0110    0.086523    0.913397
1.0115    0.086599    0.913321
1.0120    0.086674    0.913245
1.0125    0.086749    0.91317
1.0130    0.086824    0.913096
1.0135    0.086897    0.913023
1.0140    0.08697    0.91295
1.0145    0.087042    0.912878
1.0150    0.087114    0.912806
1.0155    0.087185    0.912735
1.0160    0.087255    0.912665
1.0165    0.087325    0.912596
1.0170    0.087393    0.912527
1.0175    0.087461    0.912459
1.0180    0.087529    0.912392
1.0185    0.087595    0.912325
1.0190    0.087661    0.912259
1.0195    0.087727    0.912194
1.0200    0.087791    0.91213
1.0205    0.087855    0.912066
1.0210    0.087918    0.912003
1.0215    0.08798    0.911941
1.0220    0.088042    0.91188
1.0225    0.088102    0.911819
1.0230    0.088163    0.911759
1.0235    0.088222    0.9117
1.0240    0.08828    0.911641
1.0245    0.088338    0.911584
1.0250    0.088395    0.911527
1.0255    0.088452    0.91147
1.0260    0.088507    0.911415
1.0265    0.088562    0.91136
1.0270    0.088616    0.911306
1.0275    0.088669    0.911253
1.0280    0.088722    0.911201
1.0285    0.088773    0.911149
1.0290    0.088824    0.911098
1.0295    0.088875    0.911048
1.0300    0.088924    0.910999
1.0305    0.088973    0.91095
1.0310    0.089021    0.910902
1.0315    0.089068    0.910855
1.0320    0.089114    0.910809
1.0325    0.08916    0.910763
1.0330    0.089204    0.910719
1.0335    0.089248    0.910675
1.0340    0.089292    0.910632
1.0345    0.089334    0.910589
1.0350    0.089376    0.910548
1.0355    0.089417    0.910507
1.0360    0.089457    0.910467
1.0365    0.089496    0.910428
1.0370    0.089534    0.910389
1.0375    0.089572    0.910352
1.0380    0.089609    0.910315
1.0385    0.089645    0.910279
1.0390    0.089681    0.910243
1.0395    0.089715    0.910209
1.0400    0.089749    0.910175
1.0405    0.089782    0.910142
1.0410    0.089814    0.91011
1.0415    0.089846    0.910079
1.0420    0.089877    0.910048
1.0425    0.089906    0.910018
1.0430    0.089936    0.909989
1.0435    0.089964    0.909961
1.0440    0.089992    0.909933
1.0445    0.090018    0.909906
1.0450    0.090044    0.909881
1.0455    0.09007    0.909855
1.0460    0.090094    0.909831
1.0465    0.090118    0.909807
1.0470    0.090141    0.909784
1.0475    0.090163    0.909762
1.0480    0.090184    0.909741
1.0485    0.090205    0.90972
1.0490    0.090225    0.909701
1.0495    0.090244    0.909682
1.0500    0.090262    0.909663
1.0505    0.09028    0.909646
1.0510    0.090297    0.909629
1.0515    0.090313    0.909613
1.0520    0.090328    0.909598
1.0525    0.090343    0.909583
1.0530    0.090357    0.909569
1.0535    0.09037    0.909557
1.0540    0.090382    0.909544
1.0545    0.090394    0.909533
1.0550    0.090404    0.909522
1.0555    0.090415    0.909512
1.0560    0.090424    0.909503
1.0565    0.090433    0.909494
1.0570    0.09044    0.909486
1.0575    0.090448    0.909479
1.0580    0.090454    0.909473
1.0585    0.09046    0.909467
1.0590    0.090465    0.909462
1.0595    0.090469    0.909458
1.0600    0.090473    0.909454
1.0605    0.090476    0.909451
1.0610    0.090478    0.909449
1.0615    0.090479    0.909448
1.0620    0.09048    0.909447
1.0625    0.09048    0.909447
1.0630    0.09048    0.909448
1.0635    0.090478    0.909449
1.0640    0.090477    0.909451
1.0645    0.090474    0.909454
1.0650    0.090471    0.909457
1.0655    0.090467    0.909461
1.0660    0.090462    0.909466
1.0665    0.090456    0.909471
1.0670    0.09045    0.909478
1.0675    0.090444    0.909484
1.0680    0.090436    0.909492
1.0685    0.090428    0.9095
1.0690    0.09042    0.909508
1.0695    0.090411    0.909517
1.0700    0.090401    0.909527
1.0705    0.090391    0.909538
1.0710    0.09038    0.909549
1.0715    0.090368    0.90956
1.0720    0.090356    0.909572
1.0725    0.090344    0.909585
1.0730    0.09033    0.909599
1.0735    0.090316    0.909613
1.0740    0.090302    0.909627
1.0745    0.090286    0.909643
1.0750    0.090271    0.909658
1.0755    0.090254    0.909675
1.0760    0.090237    0.909692
1.0765    0.09022    0.90971
1.0770    0.090201    0.909728
1.0775    0.090183    0.909747
1.0780    0.090163    0.909766
1.0785    0.090144    0.909786
1.0790    0.090123    0.909806
1.0795    0.090102    0.909827
1.0800    0.090081    0.909849
1.0805    0.090059    0.909871
1.0810    0.090036    0.909894
1.0815    0.090013    0.909917
1.0820    0.089989    0.909941
1.0825    0.089965    0.909965
1.0830    0.08994    0.90999
1.0835    0.089915    0.910015
1.0840    0.089889    0.910041
1.0845    0.089863    0.910067
1.0850    0.089836    0.910094
1.0855    0.089809    0.910122
1.0860    0.089781    0.910149
1.0865    0.089753    0.910178
1.0870    0.089724    0.910207
1.0875    0.089695    0.910236
1.0880    0.089665    0.910266
1.0885    0.089635    0.910296
1.0890    0.089604    0.910327
1.0895    0.089573    0.910358
1.0900    0.089541    0.910389
1.0905    0.089509    0.910422
1.0910    0.089477    0.910454
1.0915    0.089444    0.910487
1.0920    0.089411    0.91052
1.0925    0.089377    0.910554
1.0930    0.089343    0.910589
1.0935    0.089308    0.910623
1.0940    0.089273    0.910658
1.0945    0.089238    0.910694
1.0950    0.089202    0.91073
1.0955    0.089165    0.910766
1.0960    0.089129    0.910803
1.0965    0.089092    0.91084
1.0970    0.089054    0.910877
1.0975    0.089017    0.910915
1.0980    0.088978    0.910954
1.0985    0.08894    0.910992
1.0990    0.088901    0.911031
1.0995    0.088862    0.91107
1.1000    0.088822    0.91111
